-0,199989256162791    -0,603801910174419
-0,198511310755814    -0,612183439709302
-0,197127400290698    -0,616682922965116
-0,19522363627907    -0,624067327267442
-0,193367776860465    -0,630401379011628
-0,191148197383721    -0,634656016569767
-0,189641864069767    -0,64262059872093
-0,188107142848837    -0,64878254877907
-0,186235315232558    -0,654887723023256
-0,184139932848837    -0,664708164593023
-0,181950515523256    -0,672837751453488
-0,179679482965116    -0,679411326162791
-0,177639102151163    -0,687572849418605
-0,176278256860465    -0,695592433139535
-0,174550143023256    -0,702338109534884
-0,172545247093023    -0,715011535755814
-0,170171308372093    -0,727489795116279
-0,167231385755814    -0,742682648081395
-0,163810642965116    -0,76337388377907
-0,159921499709302    -0,783415746104651
-0,15595074122093    -0,806136717151163
-0,152084663139535    -0,835378035581395
-0,147737764883721    -0,870167415581395
-0,143633938081395    -0,917537961104651
-0,139780279709302    -0,991605558895349
-0,1366398675    -0,921205323837209
-0,133455099186047    -0,947008157034884
-0,130394527965116    -0,990313909127907
-0,127138789883721    -0,974886855930233
-0,12365240005814    -0,991483136046512
-0,1206184425    -1,00497448883721
-0,119174207732558    -1,01254341453488
-0,117682068372093    -1,02464730837209
-0,115492651046512    -1,04130213854651
-0,113991640465116    -1,04877525505814
-0,111969002093023    -1,06349970755814
-0,110400570232558    -1,07569586209302
-0,108693747325581    -1,08992884895349
-0,107474841569767    -1,10166015151163
-0,106225773662791    -1,11077799238372
-0,104942995116279    -1,11938662517442
-0,103628280174419    -1,13179568901163
-0,102292274302326    -1,14197452790698
-0,100954494186046    -1,15287370994186
-0,099332835    -1,16665603877907
-0,0976419802906977    -1,18029287959302
-0,0961232272674419    -1,19483635918605
-0,0943472088372093    -1,21262315715116
-0,0924345736046512    -1,22582175965116
-0,090062409127907    -1,24129316895349
-0,0883892968604651    -1,25142765174419
-0,0871349062209302    -1,26551692482558
-0,0857438987790698    -1,27889650023256
-0,0841683699418605    -1,29311351889535
-0,0825041288953488    -1,30791603813953
-0,080602139127907    -1,32519185377907
-0,0788048297674419    -1,34276574244186
-0,0768034823255814    -1,36037511598837
-0,0747542302906977    -1,38023777965116
-0,0727138494767442    -1,40478977069767
-0,070075548372093    -1,42773074802326
-0,0675774125581395    -1,45233064366279
-0,0647013627325581    -1,48024660168605
-0,0616656309302326    -1,51764057215116
-0,0584968308139535    -1,56949640697674
-0,0548046286627907    -1,58296114610465
-0,0511035552906977    -1,64672748215116
-0,0469997284883721    -1,62844744430233
-0,0427415424418605    -1,66447879523256
-0,0386501353488372    -1,71422150523256
-0,0352382637790698    -1,67093704406977
-0,0320623666860465    -1,67582153831395
-0,0295961672674419    -1,68231882052326
-0,0268035069186047    -1,68584246947674
-0,0241793997674419    -1,68695314633721
-0,0210975376162791    -1,68909288482558
-0,0178719616860465    -1,68833705680233
-0,0151325286627907    -1,68545745848837
-0,0130495659883721    -1,68357498540698
-0,0109151502325581    -1,6820083277907
-0,00860685854651163    -1,67794530860465
-0,00653276709302326    -1,67523426348837
-0,00435754372093023    -1,67401535773256
-0,0020865111627907    -1,66913263773256
3,01621511627907E-5    -1,66649788511628
0,000354848837209302    -1,68440888017442
0,0027962088372093    -1,68195332622093
0,00487030029069767    -1,67542765610465
0,00705439488372093    -1,66940941982558
0,0089759013372093    -1,66542801587209
0,0109453123837209    -1,66073691424419
0,0125669715697674    -1,65637049930233
0,0152993076162791    -1,65042678127907
0,0182569726744186    -1,65297991866279
0,0215109365116279    -1,64336174093023
0,0247595776162791    -1,63454907005814
0,0280490263372093    -1,62539397005814
0,0312550855813954    -1,61775584883721
0,0342056536627907    -1,60815363930233
0,0373762280232558    -1,59820545215116
0,0411553681395349    -1,58433086261628
0,044861764244186    -1,56762280511628
0,0486178391860465    -1,55470808168605
0,0521503593604651    -1,53507429552326
0,0564316105813953    -1,51138636139535
0,0604449509302326    -1,48717857372093
0,0643287714534884    -1,47715409406977
0,0677814506395349    -1,44557609604651
0,0712625177325581    -1,41837338418605
0,0744384148255814    -1,41446827273256
0,0779798062209302    -1,3795085652907
0,0813402247093023    -1,35194035912791
0,0843245034302326    -1,32669109011628
0,0873495897674419    -1,30444561651163
0,0901316046511628    -1,28509393517442
0,0924931236627907    -1,26919138453488
0,0949167412209302    -1,25193685982558
0,097423748255814    -1,23454749255814
0,100455931569767    -1,2207314530814
0,103237946453488    -1,20382290598837
0,105516075988372    -1,18810842523256
0,107405646046512    -1,18109128947674
0,109559578488372    -1,16486227790698
0,111656735116279    -1,14991427063953
0,11381953877907    -1,13949413453488
0,116181057790698    -1,12694667965116
0,118402411511628    -1,11214770889535
0,120462309011628    -1,10050157005814
0,122777697674419    -1,09056935110465
0,124841143662791    -1,07766349889535
0,12711217622093    -1,06389004127907
0,129331755697674    -1,05365620081395
0,131776664186046    -1,04252814127907
0,134164796860465    -1,02842467424419
0,136332923255814    -1,07465970348837
0,138994289534884    -1,21060761575581
0,14168404372093    -1,07462067011628
0,144391540348837    -1,0108117522093
0,146751285116279    -0,980126199011628
0,149032963139535    -0,961393728895349
0,151055601511628    -0,945803445232558
0,153291149186046    -0,935885420232558
0,155104426744186    -0,926102237790698
0,157146581802326    -0,915724683546512
0,159626975174419    -0,907873653023256
0,161720583313953    -0,898193376744186
0,164094522034884    -0,887113221802326
0,166418781918605    -0,879588652209302
0,168705782674419    -0,869207549476744
0,17087745755814    -0,861833790639535
0,17325139627907    -0,853851466046512
0,17510902994186    -0,844297161104651
0,176876177151163    -0,8382256975
0,178499610581395    -0,833218780406977
0,179963362034884    -0,826221161337209
0,181693250116279    -0,821226663953488
0,183573948953488    -0,817055415872093
0,185882240639535    -0,810189090872093
0,188511670523256    -0,802036438837209
0,190818187965116    -0,796119334476744
0,192977443139535    -0,789932545
0,194442968837209    -0,782863956162791
0,196763680232558    -0,777193471744186
0,198578732034884    -0,772135101569767
0,200157809360465    -0,768423382732558
0,201763500348837    -0,761594316860465
-0,201027189011628    -0,481748104127907
-0,200006998604651    -0,478540270639535
-0,198364048488372    -0,481471322034884
-0,195408157674419    -0,477110229825581
-0,19158820994186    -0,476856512906977
-0,188454894709302    -0,477692181918605
-0,185538037267442    -0,475062752034884
-0,182938769534884    -0,478863183081395
-0,179929651395349    -0,47361496877907
-0,176618911744186    -0,474560640930233
-0,173359625174419    -0,47295494994186
-0,170048885523256    -0,471835401860465
-0,166470235    -0,47455709244186
-0,163219819651163    -0,471010378313953
-0,160210701511628    -0,474117079883721
-0,157787083953488    -0,469967122732558
-0,155060070639535    -0,470767306860465
-0,152162729883721    -0,469081774883721
-0,148649726395349    -0,468157393662791
-0,144874134767442    -0,469308878139535
-0,141535007209302    -0,465425057616279
-0,139008483488372    -0,468868865581395
-0,136283244418605    -0,463379354069767
-0,134072536162791    -0,464931817732558
-0,13162230494186    -0,461624626569767
-0,129195138895349    -0,460581370988372
-0,126361670930233    -0,459050198255814
-0,123199967790698    -0,455177023197674
-0,120128751104651    -0,456890943081395
-0,117295283139535    -0,45074496122093
-0,114076804186047    -0,450849641627907
-0,110913326802326    -0,443378299360465
-0,107293868662791    -0,4415046975
-0,103459726976744    -0,435145806337209
-0,0998438173255814    -0,431741031744186
-0,0963130713953488    -0,425197619186047
-0,0927149041860465    -0,420884431569767
-0,0896294935465116    -0,417516916104651
-0,0867924770930233    -0,411651264825581
-0,0846030597674419    -0,409445879302326
-0,0825928411046512    -0,402803109069767
-0,0805613315116279    -0,401752756511628
-0,0783062671511628    -0,395493223023256
-0,0761115270930233    -0,391724728372093
-0,0735353245348837    -0,384782110872093
-0,070950250755814    -0,378171277034884
-0,0681433964534884    -0,371815934360465
-0,0648929811046512    -0,361621127267442
-0,0615591762790698    -0,354857708430233
-0,0585713490697674    -0,343651582151163
-0,0557343326162791    -0,336284920290698
-0,0530516754069767    -0,326515931802326
-0,0509385505813953    -0,319681543197674
-0,0484758996511628    -0,309385604186047
-0,0459742153488372    -0,299284832034884
-0,0432791384302326    -0,289739398313953
-0,0403817976744186    -0,278015192732558
-0,0379226952325581    -0,269408334186047
-0,0357297294186047    -0,258858678255814
-0,0335988621511628    -0,249826001104651
-0,0311947612790698    -0,238861172034884
-0,0289556651162791    -0,227873277790698
-0,0263936565116279    -0,215701962674419
-0,0238884237209302    -0,202868854476744
-0,0209343071511628    -0,19071350755814
-0,0180280951744186    -0,177135216802326
-0,0153347925    -0,166214743837209
-0,0127195565697674    -0,15508491005814
-0,0103456178488372    -0,145276888197674
-0,00822717029069768    -0,134878043023256
-0,00601291354651163    -0,125724717267442
-0,00382881895348837    -0,116931563081395
-0,00166246680232558    -0,108296316627907
0,000961640348837209    -0,103564407383721
0,00205634901162791    -0,0991216999418605
0,00219119156976744    -0,100631581744186
0,00459706668604651    -0,0951970718023256
0,00702068424418605    -0,0866611830232558
0,00938042901162791    -0,0773570465116279
0,011823563255814    -0,0671498197093023
0,0142489550581395    -0,0564901606395349
0,0169866138372093    -0,0455146861046512
0,0192558721511628    -0,0335066014534884
0,0215570668604651    -0,0230261410465116
0,0240019753488372    -0,0118324344767442
0,0265746294186046    4,79045930232558E-5
0,0292785775581395    0,0111227368023256
0,0323746336627907    0,0248021594767442
0,0351442288372093    0,0361732904651163
0,037991890755814    0,0488059090697674
0,0407827768604651    0,0605301146511628
0,0436357615116279    0,0727120752325581
0,0467832706976744    0,0857084138953488
0,0495581886046512    0,095097714127907
0,0520510016860465    0,106431585988372
0,0547957574418605    0,114021802616279
0,058858776627907    0,125174701569767
0,0629484094767442    0,136691320581395
0,0670788499418605    0,146586280406977
0,0709112173837209    0,15950987505814
0,0744526087790698    0,167087671976744
0,0781323912209302    0,176146962790698
0,082243315    0,185113992906977
0,0860171323837209    0,190756089418605
0,0898086922093023    0,20056411127907
0,0935523474418605    0,202629331511628
0,0969801872093023    0,20833707505814
0,100386736046512    0,215073880232558
0,10336746627907    0,216239558662791
0,106128190232558    0,222089241744186
0,108846332325581    0,224275110581395
0,111958356627907    0,226083065406977
0,115693140639535    0,232418891395349
0,119300179069767    0,231398700988372
0,122852215930233    0,235012836395349
0,126418446744186    0,237053217209302
0,129725637906977    0,238332447267442
0,13314815494186    0,243264846104651
0,136735676686046    0,241946582674419
0,140225615    0,243170811162791
0,144432347965116    0,247430771453488
0,148800537151163    0,244716177848837
0,153135015697674    0,247792717267442
0,157591917093023    0,252054451802326
0,161216697965116    0,249834872325581
0,165565370465116    0,252611564476744
0,170004529418605    0,254554361860465
0,174186422965116    0,252455430988372
0,178488965116279    0,255143410930233
0,182237943081395    0,255860205581395
0,185241738488372    0,254479843604651
0,188110691337209    0,257636224011628
0,190791574302326    0,257641546744186
0,19310518872093    0,255959563255814
0,195803814127907    0,25938562877907
0,19850421377907    0,259037876918605
0,200131195697674    0,25834414744186
0,201348327209302    0,261855376686047
0,202364969127907    0,258557056744186
