-0,000738085581395349    -1,65375171488372
0,00114261325581395    -1,67740948686047
0,00227812953488372    -1,67632897215116
0,00335154726744186    -1,67207965732558
0,00516305058139535    -1,6176050380814
0,00665696418604651    -1,54071284354651
0,00810474744186047    -1,46118234790698
0,00917106819767442    -1,37623685901163
0,0106720787790698    -1,27848310133721
0,0127568156976744    -1,18879683197674
0,0143146020930233    -1,11253271988372
0,0157854505232558    -1,0332541669186
0,0171764579651163    -0,961526797209302
0,0185816593604651    -0,890903007383721
0,0196763680232558    -0,835072865581395
0,0207178493604651    -0,790138357325581
0,0218498171511628    -0,743457992790698
0,0228912984883721    -0,706360321104651
0,0244189227325581    -0,64506195872093
0,0258844484302326    -0,601992181104651
0,0272843270930233    -0,663178766104651
0,0284038751744186    -0,743278794127907
0,0306287773837209    -0,725884104127907
0,0318476831395349    -0,70999574744186
0,0333557906976744    -0,689336448139535
0,0348088966860465    -0,677424172674419
0,0362992618023256    -0,642867218662791
0,0379723740697674    -0,630999299302326
0,0400127548837209    -0,599701631860465
0,041999908372093    -0,59194463627907
0,0435896311627907    -0,560052597034884
0,0451527402906977    -0,533151506686046
0,0466093947674419    -0,513732404069767
0,0481405675    -0,506660266744186
0,0498722298255814    -0,491589836627907
0,0513271100581395    -0,478394782616279
0,053097805755814    -0,466688319476744
0,0549341484883721    -0,454293449593023
0,0570827581976744    -0,442221492151163
0,0591870118023256    -0,432697349360465
0,0611315834302326    -0,425595049883721
0,0631808354651163    -0,414686996627907
0,0650916964534884    -0,402251319127907
0,0670540105232558    -0,396795518255814
0,0689364836046512    -0,367396292093023
0,0708047627325581    -0,375827500465116
0,0728025616860465    -0,384067090465116
0,0749298804651163    -0,410639945639535
0,0770430052906977    -0,381764121511628
0,0794524288953488    -0,368943433023256
0,0818760464534884    -0,360435932151163
0,0842233715116279    -0,354554312674419
0,0868439301744186    -0,392597656511628
0,0893899705813954    -0,372037714883721
0,0920300459302326    -0,350072571860465
0,0958162830232558    -0,355162878430233
0,0999609174418605    -0,341815239418605
0,104298944476744    -0,368675522151163
0,108445353139535    -0,195954624883721
0,1123788525    -0,226531949186047
0,116427677732558    -0,276065298372093
0,121791217906977    -0,295349558430233
0,126931203313953    -0,2109487625
0,132198934302326    -0,230240119534884
0,137502150174419    -0,2698465725
0,142535680930233    -0,284940067790698
0,147203717383721    -0,28900486122093
0,151156733430233    -0,289501649593023
0,154737158197674    -0,28798644505814
0,157973379593023    -0,281597391744186
0,160379254709302    -0,280843337965116
0,162925295116279    -0,282867750581395
0,164672925639535    -0,285165396802326
0,16717460994186    -0,285692347325581
0,169404834883721    -0,28808048
0,17151441122093    -0,2907507175
0,173872381744186    -0,379961489418605
0,176058250581395    -0,417981768081395
0,178240570930233    -0,34306963005814
0,179981104476744    -0,307536841744186
0,182009065581395    -0,292629642093023
0,184131061627907    -0,286228169069767
0,186650488372093    -0,292090271860465
0,18975718994186    -0,286597211860465
0,192725500465116    -0,381008293488372
0,194812011627907    -0,384932921627907
0,196417702616279    -0,336362987034884
0,197719997848837    -0,371647381162791
0,199107456802326    -0,327908713488372
0,200890572209302    -0,240126208139535
0,202409325232558    -0,264000437906977
0,203409998953488    -0,180474344360465
-0,200290877674419    -0,0303342528488372
-0,199002776395349    -0,0306128091860465
-0,197718223604651    -0,031698646627907
-0,195752361046512    -0,0318742968023256
-0,193160190290698    -0,0330151358139535
-0,190683345406977    -0,0341719430232558
-0,188829260232558    -0,0349863211046512
-0,186677102034884    -0,0355931126162791
-0,184106222209302    -0,036008285755814
-0,181563730290698    -0,0366133030232558
-0,179603190465116    -0,0368226638372093
-0,178002822209302    -0,0361945813953488
-0,176351000872093    -0,0369770230813954
-0,174159809302326    -0,0373975189534884
-0,172232980116279    -0,0375980085465116
-0,170121629534884    -0,0385223897674419
-0,167634139186047    -0,0402398581395349
-0,164915997093023    -0,0399683987790698
-0,163328048546512    -0,041313275872093
-0,161470414883721    -0,0423760481395349
-0,159463744709302    -0,0434299491860465
-0,157244165232558    -0,0443685243604651
-0,154696350581395    -0,0443614273837209
-0,152235473895349    -0,046231480755814
-0,149652174360465    -0,047760879244186
-0,147042261162791    -0,0498048085465116
-0,144222987151163    -0,0513004963953488
-0,140901602034884    -0,0526453734883721
-0,13749682744186    -0,0538270201162791
-0,134202055988372    -0,0554078716860465
-0,130632276686047    -0,0577303573255814
-0,126771521337209    -0,0614651413372093
-0,122857538662791    -0,0650349206395349
-0,118911619593023    -0,0690447125
-0,114408587848837    -0,0731361195930233
-0,109745874127907    -0,0779425470930233
-0,105056546744186    -0,0824686440116279
-0,100298023837209    -0,088344940755814
-0,0948830305813954    -0,0966395323255814
-0,0897306254651163    -0,10591173244186
-0,0843369231395349    -0,115026024825581
-0,0786114371511628    -0,126854910813954
-0,0728682087209302    -0,140442072790698
-0,0672456288953488    -0,156648019186047
-0,0623274240116279    -0,171592477965116
-0,058212951744186    -0,189191206046512
-0,0546751088372093    -0,204529547034884
-0,0517759938372093    -0,219745465174419
-0,0487420362790698    -0,235333974593023
-0,0461445427906977    -0,25289189505814
-0,0439125436046512    -0,269128003604651
-0,0420052311046512    -0,287161421511628
-0,0399666245348837    -0,308404447151163
-0,0380202786627907    -0,33172866122093
-0,0358095704069767    -0,355015616162791
-0,0339767761627907    -0,378359346918605
-0,0322255971511628    -0,40099338
-0,0297381068023256    -0,435740178139535
-0,0277225654069767    -0,467538182441861
-0,0258276726162791    -0,507611261627907
-0,0245910244186046    -0,540353163837209
-0,0232479215697674    -0,579549766395349
-0,0215233562209302    -0,641650087151163
-0,0197650802325581    -0,766217997209302
-0,0187502125581395    -0,897476582093023
-0,0174958219186047    -1,00333331296512
-0,0163035298255814    -0,99623633622093
-0,014990589127907    -1,0625380672093
-0,0135569998255814    -1,1946518377907
-0,0119832452325581    -1,32121932104651
-0,0104467497674419    -1,38255494255814
-0,00895106191860465    -1,43517547662791
-0,00781022290697674    -1,56778780982558
-0,00635179418604651    -1,68251576162791
-0,00525708552325581    -1,78085856837209
-0,00308541063953488    -1,88230452819767
-0,000738085581395349    -1,65375171488372
-0,000729214360465116    -1,93975100645349
0,00114261325581395    -1,67740948686047
0,00221957947674419    -1,95618937883721
0,00227812953488372    -1,67632897215116
0,00335154726744186    -1,67207965732558
0,00516305058139535    -1,6176050380814
0,00665696418604651    -1,54071284354651
0,00810474744186047    -1,46118234790698
0,00917106819767442    -1,37623685901163
0,0106720787790698    -1,27848310133721
0,0127568156976744    -1,18879683197674
0,0143146020930233    -1,11253271988372
0,0157854505232558    -1,0332541669186
0,0171764579651163    -0,961526797209302
0,0185816593604651    -0,890903007383721
0,0196763680232558    -0,835072865581395
0,0207178493604651    -0,790138357325581
0,0218498171511628    -0,743457992790698
0,0228912984883721    -0,706360321104651
0,0244189227325581    -0,64506195872093
0,0258844484302326    -0,601992181104651
0,0272843270930233    -0,663178766104651
0,0284038751744186    -0,743278794127907
0,0306287773837209    -0,725884104127907
0,0318476831395349    -0,70999574744186
0,0333557906976744    -0,689336448139535
0,0348088966860465    -0,677424172674419
0,0362992618023256    -0,642867218662791
0,0379723740697674    -0,630999299302326
0,0400127548837209    -0,599701631860465
0,041999908372093    -0,59194463627907
0,0435896311627907    -0,560052597034884
0,0451527402906977    -0,533151506686046
0,0466093947674419    -0,513732404069767
0,0481405675    -0,506660266744186
0,0498722298255814    -0,491589836627907
0,0513271100581395    -0,478394782616279
0,053097805755814    -0,466688319476744
0,0549341484883721    -0,454293449593023
0,0570827581976744    -0,442221492151163
0,0591870118023256    -0,432697349360465
0,0611315834302326    -0,425595049883721
0,0631808354651163    -0,414686996627907
0,0650916964534884    -0,402251319127907
0,0670540105232558    -0,396795518255814
0,0689364836046512    -0,367396292093023
0,0708047627325581    -0,375827500465116
0,0728025616860465    -0,384067090465116
0,0749298804651163    -0,410639945639535
0,0770430052906977    -0,381764121511628
0,0794524288953488    -0,368943433023256
0,0818760464534884    -0,360435932151163
0,0842233715116279    -0,354554312674419
0,0868439301744186    -0,392597656511628
0,0893899705813954    -0,372037714883721
0,0920300459302326    -0,350072571860465
0,0958162830232558    -0,355162878430233
0,0999609174418605    -0,341815239418605
0,104298944476744    -0,368675522151163
0,108445353139535    -0,195954624883721
0,1123788525    -0,226531949186047
0,116427677732558    -0,276065298372093
0,121791217906977    -0,295349558430233
0,126931203313953    -0,2109487625
0,132198934302326    -0,230240119534884
0,137502150174419    -0,2698465725
0,142535680930233    -0,284940067790698
0,147203717383721    -0,28900486122093
0,151156733430233    -0,289501649593023
0,154737158197674    -0,28798644505814
0,157973379593023    -0,281597391744186
0,160379254709302    -0,280843337965116
0,162925295116279    -0,282867750581395
0,164672925639535    -0,285165396802326
0,16717460994186    -0,285692347325581
0,169404834883721    -0,28808048
0,17151441122093    -0,2907507175
0,173872381744186    -0,379961489418605
0,176058250581395    -0,417981768081395
0,178240570930233    -0,34306963005814
0,179981104476744    -0,307536841744186
0,182009065581395    -0,292629642093023
0,184131061627907    -0,286228169069767
0,186650488372093    -0,292090271860465
0,18975718994186    -0,286597211860465
0,192725500465116    -0,381008293488372
0,194812011627907    -0,384932921627907
0,196417702616279    -0,336362987034884
0,197719997848837    -0,371647381162791
0,199107456802326    -0,327908713488372
0,200890572209302    -0,240126208139535
0,202409325232558    -0,264000437906977
0,203409998953488    -0,180474344360465
-0,200432817209302    -0,0310404020348837
-0,19927601    -0,0322362426162791
-0,198003876918605    -0,0335775712209302
-0,196850618197674    -0,0334267604651163
-0,195486224418605    -0,0336485409883721
-0,19424957622093    -0,0353500411627907
-0,19250371994186    -0,0350147090116279
-0,190633666569767    -0,0335101499418605
-0,189090074127907    -0,0358148931395349
-0,187074532732558    -0,0368333093023256
-0,185060765581395    -0,0357900537209302
-0,18316055005814    -0,0365263650581395
-0,181682604651163    -0,0377807556976744
-0,180676608197674    -0,0380078589534884
-0,17950738127907    -0,0377984981395349
-0,177873302383721    -0,039365155755814
-0,1758542125    -0,0391203100581395
-0,173762378604651    -0,0393882209302326
-0,17179296755814    -0,0396117756976744
-0,17067519372093    -0,0404119598255814
-0,169637260872093    -0,0426705726744186
-0,168058183546512    -0,0499006177325581
-0,167006056744186    -0,0647616870348837
-0,165662953895349    -0,0979489245348837
-0,164144200872093    -0,178368316511628
-0,162377053662791    -0,304612887325581
-0,160473289651163    -0,305288874360465
-0,157872247674419    -0,305443233604651
-0,155207332906977    -0,305611786802326
-0,151891270523256    -0,308017661918605
-0,148106807674419    -0,309678354476744
-0,144002980872093    -0,311431307732558
-0,139420108139535    -0,312989094127907
-0,134643842790698    -0,317550675930233
-0,130053873081395    -0,323897147383721
-0,125680361162791    -0,319825256976744
-0,122293329011628    -0,320847221627907
-0,119135174360465    -0,323620365290698
-0,116894303953488    -0,324935080232558
-0,114490203081395    -0,325194119883721
-0,113147100232558    -0,324172155232558
-0,111731253372093    -0,321991609127907
-0,110436055116279    -0,312336172267442
-0,109029079476744    -0,286050744651163
-0,107324030813953    -0,333797429941861
-0,10553026994186    -0,334748424825581
-0,103940547151163    -0,337525116976744
-0,102004846744186    -0,343495448662791
-0,100147213081395    -0,345117107848837
-0,0978371471511628    -0,324881852906977
-0,0956583752906977    -0,298213188546512
-0,0933021790116279    -0,231577899651163
-0,0907614613372093    -0,0986816873837209
-0,0879528327906977    -0,103647796860465
-0,0849100040116279    -0,10687692127907
-0,0818920146511628    -0,113375977732558
-0,0789804799418605    -0,120801189651163
-0,0759766845348837    -0,126924106337209
-0,0726091690697674    -0,13581839244186
-0,0692771384883721    -0,145225435116279
-0,0662467294186047    -0,154813450697674
-0,0630530898837209    -0,168659652325581
-0,0596128304069768    -0,181833415406977
-0,0559419191860465    -0,199524404186047
-0,0524644005813953    -0,218521236686047
-0,0489584940697674    -0,238135506162791
-0,046082444244186    -0,259885965639535
-0,0429597744767442    -0,283651966511628
-0,0402984081976744    -0,304522400872093
-0,0382668986046512    -0,326413025639535
-0,0361360313372093    -0,3502588675
-0,0343795295930233    -0,3719259375
-0,0327206112790698    -0,397375696104651
-0,0308505579069767    -0,42149832005814
-0,0295961672674419    -0,440039171802326
-0,028531620755814    -0,465279569593023
-0,0274688484883721    -0,492271146395349
-0,0260104197674419    -0,516911849651163
-0,0248447413372093    -0,545858643546512
-0,0237766463372093    -0,574839148081395
-0,0215730350581395    -0,633037905872093
-0,0196905619767442    -0,705498038430233
-0,0186029502906977    -0,747224713197674
-0,0174408203488372    -0,795469961104651
-0,0162219145930233    -0,855845716511628
-0,014914296627907    -0,922379873488372
-0,0134611906395349    -0,989829540465116
-0,0119566315697674    -1,05406427697674
-0,0100830297093023    -1,12811058383721
-0,00888009215116279    -1,20947564796512
-0,00749440744186047    -1,31623192063953
-0,00633937447674419    -1,4090586022093
-0,00478691081395349    -1,50437454837209
-0,00313154098837209    -1,60158893581395
-0,00210247936046512    -1,63914613674419
7,09697674418605E-6    -1,69021775563953
0,0021095763372093    -1,68009391831395
-0,200432817209302    -0,0310404020348837
-0,19927601    -0,0322362426162791
-0,198003876918605    -0,0335775712209302
-0,196850618197674    -0,0334267604651163
-0,195486224418605    -0,0336485409883721
-0,19424957622093    -0,0353500411627907
-0,19250371994186    -0,0350147090116279
-0,190633666569767    -0,0335101499418605
-0,189090074127907    -0,0358148931395349
-0,187074532732558    -0,0368333093023256
-0,185060765581395    -0,0357900537209302
-0,18316055005814    -0,0365263650581395
-0,181682604651163    -0,0377807556976744
-0,180676608197674    -0,0380078589534884
-0,17950738127907    -0,0377984981395349
-0,177873302383721    -0,039365155755814
-0,1758542125    -0,0391203100581395
-0,173762378604651    -0,0393882209302326
-0,17179296755814    -0,0396117756976744
-0,17067519372093    -0,0404119598255814
-0,169637260872093    -0,0426705726744186
-0,168058183546512    -0,0499006177325581
-0,167006056744186    -0,0647616870348837
-0,165662953895349    -0,0979489245348837
-0,164144200872093    -0,178368316511628
-0,162377053662791    -0,304612887325581
-0,160473289651163    -0,305288874360465
-0,157872247674419    -0,305443233604651
-0,155207332906977    -0,305611786802326
-0,151891270523256    -0,308017661918605
-0,148106807674419    -0,309678354476744
-0,144002980872093    -0,311431307732558
-0,139420108139535    -0,312989094127907
-0,134643842790698    -0,317550675930233
-0,130053873081395    -0,323897147383721
-0,125680361162791    -0,319825256976744
-0,122293329011628    -0,320847221627907
-0,119135174360465    -0,323620365290698
-0,116894303953488    -0,324935080232558
-0,114490203081395    -0,325194119883721
-0,113147100232558    -0,324172155232558
-0,111731253372093    -0,321991609127907
-0,110436055116279    -0,312336172267442
-0,109029079476744    -0,286050744651163
-0,107324030813953    -0,333797429941861
-0,10553026994186    -0,334748424825581
-0,103940547151163    -0,337525116976744
-0,102004846744186    -0,343495448662791
-0,100147213081395    -0,345117107848837
-0,0978371471511628    -0,324881852906977
-0,0956583752906977    -0,298213188546512
-0,0933021790116279    -0,231577899651163
-0,0907614613372093    -0,0986816873837209
-0,0879528327906977    -0,103647796860465
-0,0849100040116279    -0,10687692127907
-0,0818920146511628    -0,113375977732558
-0,0789804799418605    -0,120801189651163
-0,0759766845348837    -0,126924106337209
-0,0726091690697674    -0,13581839244186
-0,0692771384883721    -0,145225435116279
-0,0662467294186047    -0,154813450697674
-0,0630530898837209    -0,168659652325581
-0,0596128304069768    -0,181833415406977
-0,0559419191860465    -0,199524404186047
-0,0524644005813953    -0,218521236686047
-0,0489584940697674    -0,238135506162791
-0,046082444244186    -0,259885965639535
-0,0429597744767442    -0,283651966511628
-0,0402984081976744    -0,304522400872093
-0,0382668986046512    -0,326413025639535
-0,0361360313372093    -0,3502588675
-0,0343795295930233    -0,3719259375
-0,0327206112790698    -0,397375696104651
-0,0308505579069767    -0,42149832005814
-0,0295961672674419    -0,440039171802326
-0,028531620755814    -0,465279569593023
-0,0274688484883721    -0,492271146395349
-0,0260104197674419    -0,516911849651163
-0,0248447413372093    -0,545858643546512
-0,0237766463372093    -0,574839148081395
-0,0215730350581395    -0,633037905872093
-0,0196905619767442    -0,705498038430233
-0,0186029502906977    -0,747224713197674
-0,0174408203488372    -0,795469961104651
-0,0162219145930233    -0,855845716511628
-0,014914296627907    -0,922379873488372
-0,0134611906395349    -0,989829540465116
-0,0119566315697674    -1,05406427697674
-0,0100830297093023    -1,12811058383721
-0,00888009215116279    -1,20947564796512
-0,00749440744186047    -1,31623192063953
-0,00633937447674419    -1,4090586022093
-0,00478691081395349    -1,50437454837209
-0,00313154098837209    -1,60158893581395
-0,00210247936046512    -1,63914613674419
-0,000855185697674419    -1,65942042505814
7,09697674418605E-6    -1,69021775563953
0,000589049069767442    -1,67612493406977
0,00175827598837209    -1,68358208238372
0,0021095763372093    -1,68009391831395
0,00290621197674419    -1,68026602
0,0048294926744186    -1,6402124575
0,00625421075581395    -1,55373934436047
0,0076061848255814    -1,47264751383721
0,0087967026744186    -1,38989144226744
0,0103225526744186    -1,31762647656977
0,0119832452325581    -1,24333532401163
0,0136421635465116    -1,15537539424419
0,0151609165697674    -1,06380487755814
0,0164649860465116    -0,983813078430233
0,0177566358139535    -0,915662585
0,018957799127907    -0,860148258662791
0,0200862184302326    -0,810095055930233
0,0221869235465116    -0,722757885872093
0,0233951838372093    -0,684448405406977
0,0249724869186046    -0,646225862906977
0,0270891602325581    -0,597418179593023
0,028952116627907    -0,550322641918605
0,0310031429069767    -0,507330931046512
0,0336680576744186    -0,465645063895349
0,0362903905813954    -0,422710128837209
0,039175311627907    -0,380960388895349
0,0422341086046512    -0,344746290813953
0,0452290327906977    -0,31270521505814
0,0484776738953488    -0,283863101569767
0,0515488905813953    -0,258475441511628
0,0549749561046512    -0,236157223895349
0,0582644048255814    -0,216638763604651
0,0615325626162791    -0,198193721046512
0,0651431495348837    -0,183683952093023
0,0688761593023256    -0,169949527848837
0,0723359354651163    -0,157513850348837
0,0755721568604651    -0,145697384069767
0,0787391827325581    -0,136634544767442
0,082016211744186    -0,129427564883721
0,0852825952906977    -0,122724470348837
0,0881692905813954    -0,115831531686047
0,0909690479069767    -0,109373282848837
0,0936410596511628    -0,10573253377907
0,0967335672674419    -0,101735161627907
0,100234151046512    -0,0966430808139535
0,103741831802326    -0,0911446980813954
0,107260158023256    -0,087432979244186
0,110012010755814    -0,084301438255814
0,112510146569767    -0,08025971
0,114759888197674    -0,0776107634302326
0,116951079767442    -0,0769667127906977
0,119090818255814    -0,075872004127907
0,121157812732558    -0,0727227206976744
0,123223032965116    -0,0704445911627907
0,125914561395349    -0,069500693255814
0,129101103953488    -0,0680458130232558
0,13213861    -0,0653294451744186
0,13558951494186    -0,0636314934883721
0,138905577325581    -0,0634966509302326
0,141888081802326    -0,0615822414534884
0,144540576860465    -0,0589794252325581
0,147249847732558    -0,0577339058139535
0,150221706744186    -0,0571164688372093
0,15312791872093    -0,0559259509883721
0,15570412127907    -0,0536141108139535
0,158507427093023    -0,0528919934302326
0,161159922151163    -0,0532699074418605
0,164381949593023    -0,0520971320348837
0,167630590697674    -0,127199114186047
0,170660999767442    -0,242402563430233
0,173065100639535    -0,287998864767442
0,175916311046512    -0,304731761686047
0,178455254476744    -0,310430634011628
0,180648220290698    -0,314234613546512
0,183112645465116    -0,315583039127907
0,185694170755814    -0,168331417151163
0,188579091802326    -0,0930857212209302
0,191302556627907    -0,0635214903488372
0,19347778    -0,0519818061627907
0,19559622755814    -0,046082444244186
0,197272888313953    -0,0428249319186047
0,198344531802326    -0,117493998488372
0,199389561627907    -0,236866921569767
0,201005898081395    -0,283453251162791
0,202097058255814    -0,302998325116279
-0,199811831744186    -0,0380060847093023
-0,198617765406977    0,0356960187790698
-0,197260468604651    0,186237089476744
-0,195085245232558    0,134370609186047
-0,192670498895349    0,0182285847674419
-0,190452693662791    -0,0638319830813953
-0,187825038023256    -0,0209839859883721
-0,184574622674419    0,055732558372093
-0,181608086395349    0,220792269244186
-0,17790523877907    0,215866967383721
-0,174865958488372    0,208360140232558
-0,172043135988372    0,214507896337209
-0,168911595    0,202648848197674
-0,166031996686047    0,181668410697674
-0,163764512616279    0,106532717906977
-0,161709937848837    -0,043793669244186
-0,15960391    -0,0475107108139535
-0,157716114186047    -0,0609151256395349
-0,15532265877907    -0,071143643372093
-0,152657744011628    -0,053899764127907
-0,149613140988372    -0,0463503551162791
-0,146770801802326    0,0014264923255814
-0,143782974593023    0,074880201627907
-0,140663853313954    0,120930709476744
-0,1375553775    0,036545881744186
-0,134430933488372    -0,0783754626744186
-0,131363265290698    -0,106844984883721
-0,128235272790698    -0,114291487732558
-0,125297124418605    -0,0897962725
-0,122098162151163    -0,0645168413372093
-0,11903404244186    -0,0115396841860465
-0,116179283546512    0,134672230697674
-0,113580015813954    0,194364902093023
-0,110932843488372    0,202742883139535
-0,107905982906977    0,213899330581395
-0,104738957034884    0,210201805697674
-0,101660643372093    0,206128141046512
-0,099142990872093    0,213109791918605
-0,0958304769767442    0,232294694302326
-0,0924469933139535    0,284828290406977
-0,089569169244186    0,438041372848837
-0,0869965151744186    0,272344708313953
-0,0844043444186046    -0,12184799372093
-0,0818955631395349    -0,117407060523256
-0,0793601681976744    -0,12811284994186
-0,0766899306976744    -0,143917817151163
-0,0737109747093023    -0,138057488604651
-0,0708296021511628    -0,147877930174419
-0,0683084011627907    -0,164525663372093
-0,0655121923255814    -0,176689881511628
-0,0624906544767442    -0,186987594767442
-0,0594265347674419    -0,21942610122093
-0,056454675755814    -0,243986963488372
-0,0535165273837209    -0,271289033023256
-0,050466601627907    -0,292125756744186
-0,0477342655813953    -0,291093146627907
-0,0449309597674419    -0,292202049244186
-0,0424523406395349    -0,228221029651163
-0,040284214244186    -0,0949699685465116
-0,0378517254651163    -0,0880149313372093
-0,0353731063372093    -0,127804131453488
-0,0331446556395349    -0,145496894476744
-0,0305489363953488    -0,204797457906977
-0,0278964413372093    -0,263021055116279
-0,025176525    -0,344189178139535
-0,0234111520348837    -0,395883556744186
-0,0217238458139535    -0,451823701686047
-0,0200063774418605    -0,518068656860465
-0,0182889090697674    -0,581389657616279
-0,0165519240116279    -0,602515583139535
-0,0152283378488372    -0,663542486162791
-0,0140076578488372    -0,786229697383721
-0,012359385    -0,88634852255814
-0,0109985397093023    -0,969684771976744
-0,00916219697674419    -1,05514301744186
-0,00729036936046512    -1,14751016976744
-0,00543450994186047    -1,23039753540698
-0,00349526104651163    -1,34511839023256
-0,00161811069767442    -1,35304571325581
-0,00095099488372093    -1,65950736302326
0,000649373372093023    -1,39371139
0,00106099802325581    -1,68373821587209
0,00193215191860465    -1,37042620930233
0,00232425988372093    -1,65140616406977
0,00426173453488372    -1,55282560860465
0,00592597558139535    -1,50031330343023
0,00730456331395349    -1,41393422523256
0,00841169168604651    -1,28003911348837
0,01098612    -1,19087979465116
0,012627295872093    -1,14435201511628
0,0141691140697674    -1,05298376226744
0,0155406048255814    -0,937444980872093
0,0167506393604651    -0,854738588139535
0,0181079361627907    -0,798512789883721
0,0194137798837209    -0,786650193255814
0,0213494802906977    -0,679178900174419
0,0224530601744186    -0,624897673546512
0,0235229294186046    -0,625543498430233
0,0246211865697674    -0,613640094186047
0,0260991319767442    -0,578875553604651
0,0274315893604651    -0,537423886686047
0,029028409127907    -0,480334031511628
0,0306394228488372    -0,445789497209302
0,0323356002906977    -0,410253160406977
0,0338632245348837    -0,425124875174419
0,0357208581976744    -0,403031986569767
0,0376654298255814    -0,3864215125
0,039558548372093    -0,352304571046512
0,041540379127907    -0,296985411569767
0,0432472020348837    -0,273497967034884
0,045014349244186    -0,0612930396511628
0,0469997284883721    -0,14375281244186
0,0491873715697674    -0,237500326744186
0,0510929098255814    -0,231308214534884
0,0528227979069767    -0,197288856511628
0,054394778255814    -0,209208228953488
0,0560785359883721    -0,223427021860465
0,0584276352906977    -0,219356905697674
0,0602409128488372    -0,2193409375
0,0622706481976744    -0,21348415744186
0,0639916650581395    -0,217811539011628
0,0661030156395349    -0,186132409069767
0,0682533995930233    -0,147366947848837
0,0703647501744186    -0,15738255627907
0,0720644761046512    -0,16539326877907
0,0740072734883721    -0,181968257965116
0,0764255683139535    -0,153555511569767
0,0789077359302326    -0,124177576337209
0,081288771627907    -0,123723369825581
0,0836414194186046    -0,141307903953488
0,0858343852325581    -0,165756988837209
0,0882934876744186    -0,14023448622093
0,0907454931395349    0,0464035824418605
0,0935771868604651    0,126008596337209
0,0962190364534884    0,177005696976744
0,0988041102325581    0,157036578662791
0,102200013604651    0,0549022120930233
0,105810600523256    -0,0180866452325581
0,108990046104651    -0,0451385463372093
0,111919323255814    -0,0801284159302326
0,114708435116279    -0,120909418546512
0,117680294127907    -0,120121654127907
0,120590054593023    -0,104572178081395
0,123446587732558    -0,0722259323255814
0,126427317965116    -0,0561370860465116
0,129551761976744    -0,0929899120348837
0,132374584476744    -0,0908288826162791
0,135011111337209    -0,108903108139535
0,137438277383721    -0,0985397478488372
0,140074804244186    -0,102820999069767
0,142324545872093    -0,0718870516860465
0,144501543488372    -0,0511514598837209
0,146879030697674    -0,045126126627907
0,149574107616279    -0,0525069824418605
0,151990628197674    -0,046957146627907
0,154201336453488    -0,068090169127907
0,155998645813954    -0,0719935063372093
0,158349519360465    -0,0919803670930233
0,161488157325581    -0,0904704852906977
0,164775831802326    -0,0896330420348837
0,167724625639535    -0,0996113913372093
0,17019082505814    -0,070111033255814
0,172710251802326    -0,0496096416860465
0,175268711918605    -0,0458766319186047
0,178290249767442    -0,0160249734883721
0,181632925813954    -0,0601734915697674
0,186189184883721    -0,0642063486046512
0,18981574    -0,0392107965116279
0,193124705406977    -0,0328252916860465
0,19547025622093    0,075607641744186
0,197256920116279    0,164530986104651
0,198995679418605    0,195661874593023
0,200152486627907    0,248557416511628
0,201186870988372    0,275050430697674
0,00263830110465116    -1,63466617017442
0,00394769331395349    -1,56937398412791
0,00509208081395349    -1,51246510186047
0,0063322775    -1,45991908604651
0,00808345651162791    -1,37253046290698
0,00971221267441861    -1,21277929063953
0,0110109594186047    -1,16888803796512
0,0124179350581395    -1,07328466424419
0,0143642809302326    -0,988931772906977
0,0160409416860465    -0,933020015872093
0,0176093735465116    -0,869949183546512
0,0190110264534884    -0,813467894127907
0,0203204186627907    -0,74828571122093
0,0216475533139535    -0,686763794069767
0,0227990377906977    -0,635367488488372
0,0247808685465116    -0,554041457732558
0,0264238186627907    -0,539755243546512
0,0275203015697674    -0,522701208430233
0,0287480785465116    -0,51427887127907
0,0305471621511628    -0,488543459360465
0,0334374059302326    -0,45697433255814
0,0371278338372093    -0,403725716046512
0,041158916627907    -0,335520221046512
0,0449061203488372    -0,280027185639535
0,0485575148837209    -0,269477529709302
0,0520829380813953    -0,269816410348837
0,0556740083139535    -0,257872198488372
0,0592278194186047    -0,226888572267442
0,0627709850581395    -0,178781715406977
0,0669386846511628    -0,149645077383721
0,0709271855813954    -0,164236461569767
0,0749635911046512    -0,169773877674419
0,0790904830813954    -0,167768981744186
0,0833877025    -0,163500150232558
0,0872591033139535    -0,122387363953488
0,0909069493604651    -0,0952733643023256
0,094450115    -0,120453437790698
0,0973722951744186    -0,140170613430233
0,100235925290698    -0,13335041877907
0,103010843197674    -0,0892923871511628
0,105414944069767    -0,0813029655813954
0,10794501627907    -0,0894094872674419
0,110409441453488    -0,11007233505814
0,112621923953488    -0,124631782848837
0,1151253825    -0,119750837093023
0,117806265465116    -0,106896437965116
0,120167784476744    -0,0608281876744186
0,122728018837209    -0,0668854573255814
0,12555971255814    -0,0812710291860465
0,1280951075    -0,105858505116279
0,130887767848837    -0,0967335672674419
0,133316708139535    -0,0629679261627907
0,135825489418605    -0,0483002494767442
0,138341367674419    -0,0714576845930232
0,140662079069767    -0,102487441162791
0,142732622034884    -0,0738475915116279
0,14474461494186    -0,0611191637209302
0,146389339302326    -0,094757059244186
0,148300200290698    -0,0993168668023256
0,149882826104651    -0,0952449763953488
0,151910787209302    -0,0504027288372093
0,153999072616279    -0,0692576218023256
0,156440432616279    -0,0920495626162791
0,159206479302326    -0,0843599883139535
0,161892685    -0,0428302546511628
0,164640989244186    -0,046918113255814
0,167066381046512    -0,0861892340697674
0,169362253023256    -0,070457010872093
0,1720395875    -0,0393491875581395
0,174590950639535    -0,0520900350581395
0,176956018139535    -0,0898406286046512
0,179157855174419    -0,0598328366860465
0,181290496686047    -0,0343759811046512
0,183471042790698    -0,0742432479651163
0,186089827209302    -0,0831694704651163
0,188355537034884    -0,0533071665697674
0,190674474186047    -0,0579734287790698
0,192879859709302    -0,0942034950581395
0,194666523604651    -0,0379049527906977
0,196651902848837    -0,0726446539534884
0,19837824244186    -0,0597246077906977
0,19944633744186    -0,0375784918604651
0,200592499186047    -0,039861944127907
-0,201186870988372    -0,0234111520348837
-0,200076194127907    -0,0886323683139535
-0,198942452093023    -0,0735158078488372
-0,197320792906977    -0,0492654383139535
-0,195390415232558    -0,0380522150581395
-0,19395327744186    -0,0497515812209302
-0,191946607267442    -0,0829654323837209
-0,190073005406977    -0,0782122322093023
-0,188524090232558    -0,0346208268023256
-0,186668230813953    -0,0382935122674419
-0,184540912034884    -0,0768868718023256
-0,182381656860465    -0,0827170381976744
-0,180174497093023    -0,0355948868604651
-0,177827172034884    -0,0339625822093023
-0,17554017127907    -0,071219935872093
-0,17340398127907    -0,0818192706395349
-0,171374245930233    -0,0576114829651163
-0,168980790523256    -0,0719668926744186
-0,166409910697674    -0,041501345755814
-0,163549829069767    -0,0470423103488372
-0,160593938255814    -0,0907401704069767
-0,157913055290698    -0,0878587978488372
-0,155397177034884    -0,0633387431976744
-0,153103079302326    -0,0401263065116279
-0,150958018081395    -0,0606826996511628
-0,149174902674419    -0,0940526843023256
-0,147372270581395    -0,063931340755814
-0,145285759418605    -0,0506333805813953
-0,143128278488372    -0,0715197831395349
-0,140626594186047    -0,103732960581395
-0,138032649186047    -0,0839040075581395
-0,135655161976744    -0,0602284931395349
-0,133517197732558    -0,0982753854651163
-0,131593917034884    -0,103945869883721
-0,129626280232558    -0,0721602852906977
-0,127640900988372    -0,0674656351744186
-0,125566809534884    -0,109655387674419
-0,12330642244186    -0,116860593313954
-0,120936032209302    -0,0840086879651163
-0,118597578372093    -0,108848106569767
-0,116548326337209    -0,083233343255814
-0,114098095116279    -0,078581275
-0,11169222    -0,12170427994186
-0,109144405348837    -0,121223459767442
-0,106640946802326    -0,107556456802326
-0,104199586802326    -0,091015178255814
-0,102180496918605    -0,0912316360465116
-0,10023947377907    -0,126058275174419
-0,0978424698837209    -0,139792699418605
-0,0955324039534884    -0,116087022848837
-0,0932844365697674    -0,0866044072093023
-0,0910808252906977    -0,107409194534884
-0,0888381806395349    -0,149441039302326
-0,0865369859302326    -0,159014860930233
-0,084152401744186    -0,122827376511628
-0,0820587936046512    -0,12261091872093
-0,0796582412209302    -0,149756854767442
-0,0772488176162791    -0,17365060122093
-0,075226179244186    -0,168590456802326
-0,0729498239534884    -0,143914268662791
-0,0706929853488372    -0,157680629302326
-0,0684787286046512    -0,204941171686047
-0,0660497883139535    -0,197709352383721
-0,063477134244186    -0,170213890232558
-0,0608477043604651    -0,186002889244186
-0,0584098928488372    -0,24015104755814
-0,0559756298255814    -0,247638358023256
-0,0538075034302326    -0,216122458546512
-0,051495663255814    -0,258127689651163
-0,0489354288953488    -0,296316521511628
-0,0465561674418605    -0,281320609651163
-0,044059805872093    -0,289333096395349
-0,0414800548255814    -0,344047238604651
-0,0389819190116279    -0,398149266569767
-0,0365920120930233    -0,410105898139535
-0,0343067855813953    -0,415226366860465
-0,0316259026162791    -0,45669577622093
-0,0292732548255814    -0,537530341337209
-0,0272790043604651    -0,569764809709302
-0,0256147633139535    -0,578359248546512
-0,0238635843023256    -0,633756474767442
-0,0221301477325581    -0,707359220581395
-0,0207870448837209    -0,727527054244186
-0,0195273315116279    -0,739547558604651
-0,0183776212790698    -0,811954463837209
-0,017203071627907    -0,886737082034884
-0,0159398097674419    -0,914449001976744
-0,0146534827325581    -0,993294639360465
-0,013047791744186    -1,1068267505814
-0,011559200872093    -1,19314018174419
-0,00980092488372093    -1,23613544110465
-0,00847024174418605    -1,27935425523256
-0,00745714831395349    -1,39335831540698
-0,00599339686046512    -1,47793298726744
-0,00439480284883721    -1,53793792563953
-0,00260281622093023    -1,64589181313953
-0,00151875302325581    -1,65287523825581
-0,00018806988372093    -1,61102436639535
0,00209183389534884    -1,60135296133721
0,00263830110465116    -1,63466617017442
0,00394769331395349    -1,56937398412791
0,00509208081395349    -1,51246510186047
0,0063322775    -1,45991908604651
0,00808345651162791    -1,37253046290698
0,00971221267441861    -1,21277929063953
0,0110109594186047    -1,16888803796512
0,0124179350581395    -1,07328466424419
0,0143642809302326    -0,988931772906977
0,0160409416860465    -0,933020015872093
0,0176093735465116    -0,869949183546512
0,0190110264534884    -0,813467894127907
0,0203204186627907    -0,74828571122093
0,0216475533139535    -0,686763794069767
0,0227990377906977    -0,635367488488372
0,0247808685465116    -0,554041457732558
0,0264238186627907    -0,539755243546512
0,0275203015697674    -0,522701208430233
0,0287480785465116    -0,51427887127907
0,0305471621511628    -0,488543459360465
0,0334374059302326    -0,45697433255814
0,0371278338372093    -0,403725716046512
0,041158916627907    -0,335520221046512
0,0449061203488372    -0,280027185639535
0,0485575148837209    -0,269477529709302
0,0520829380813953    -0,269816410348837
0,0556740083139535    -0,257872198488372
0,0592278194186047    -0,226888572267442
0,0627709850581395    -0,178781715406977
0,0669386846511628    -0,149645077383721
0,0709271855813954    -0,164236461569767
0,0749635911046512    -0,169773877674419
0,0790904830813954    -0,167768981744186
0,0833877025    -0,163500150232558
0,0872591033139535    -0,122387363953488
0,0909069493604651    -0,0952733643023256
0,094450115    -0,120453437790698
0,0973722951744186    -0,140170613430233
0,100235925290698    -0,13335041877907
0,103010843197674    -0,0892923871511628
0,105414944069767    -0,0813029655813954
0,10794501627907    -0,0894094872674419
0,110409441453488    -0,11007233505814
0,112621923953488    -0,124631782848837
0,1151253825    -0,119750837093023
0,117806265465116    -0,106896437965116
0,120167784476744    -0,0608281876744186
0,122728018837209    -0,0668854573255814
0,12555971255814    -0,0812710291860465
0,1280951075    -0,105858505116279
0,130887767848837    -0,0967335672674419
0,133316708139535    -0,0629679261627907
0,135825489418605    -0,0483002494767442
0,138341367674419    -0,0714576845930232
0,140662079069767    -0,102487441162791
0,142732622034884    -0,0738475915116279
0,14474461494186    -0,0611191637209302
0,146389339302326    -0,094757059244186
0,148300200290698    -0,0993168668023256
0,149882826104651    -0,0952449763953488
0,151910787209302    -0,0504027288372093
0,153999072616279    -0,0692576218023256
0,156440432616279    -0,0920495626162791
0,159206479302326    -0,0843599883139535
0,161892685    -0,0428302546511628
0,164640989244186    -0,046918113255814
0,167066381046512    -0,0861892340697674
0,169362253023256    -0,070457010872093
0,1720395875    -0,0393491875581395
0,174590950639535    -0,0520900350581395
0,176956018139535    -0,0898406286046512
0,179157855174419    -0,0598328366860465
0,181290496686047    -0,0343759811046512
0,183471042790698    -0,0742432479651163
0,186089827209302    -0,0831694704651163
0,188355537034884    -0,0533071665697674
0,190674474186047    -0,0579734287790698
0,192879859709302    -0,0942034950581395
0,194666523604651    -0,0379049527906977
0,196651902848837    -0,0726446539534884
0,19837824244186    -0,0597246077906977
0,19944633744186    -0,0375784918604651
0,200592499186047    -0,039861944127907
-0,000871153895348837    -1,65775795825581
0,00157730308139535    -1,63709333622093
0,00392640238372093    -1,62564059
0,00626840470930233    -1,67824515587209
0,00830878552325581    -1,67095656075581
0,0102710995930233    -1,64615617552326
0,0119992134302326    -1,63990551325581
0,0136794226744186    -1,67136286267442
0,0151981756976744    -1,69878558081395
0,0165696664534884    -1,67368712255814
0,0179163177906977    -1,65692406348837
0,0196107209883721    -1,66936151523256
0,0210407618023256    -1,70650354302326
0,0229108151744186    -1,68889771796512
0,0244136    -1,66409555848837
0,0260654213372093    -1,66962765186047
0,0275362697674419    -1,7083664994186
0,0292005108139535    -1,70822988261628
0,0308292669767442    -1,67898501569767
0,0325325413953488    -1,65902654284884
0,034026455    -1,64933739534884
0,0354635927906977    -1,65737294726744
0,0372910643023256    -1,65880831081395
0,0389925644767442    -1,6716201280814
0,0411376256976744    -1,6615495180814
0,0432649444767442    -1,65980366180233
0,0456140437790698    -1,65383865284884
0,0476881352325581    -1,63719624238372
0,0497994858139535    -1,61061274174419
0,052451980872093    -1,58680238476744
0,0549962470348837    -1,5581465669186
0,057678904244186    -1,5305286819186
0,0602001052325581    -1,5019580277907
0,0633440659302326    -1,50071073412791
0,0665217372674419    -1,47827364215116
0,0696887631395349    -1,46734962069767
0,0725772326744186    -1,44390475802326
0,0757407100581395    -1,42837125017442
0,0783559459883721    -1,40197936790698
0,0812639322093023    -1,35744051610465
0,0838791681395349    -1,31568545343023
0,0866079556976744    -1,28174593639535
0,0890351217441861    -1,25098409069767
0,091664551627907    -1,23535832215116
0,0941218798255814    -1,25058133726744
0,0969269598837209    -1,22611273569767
0,099407353255814    -1,20765527343023
0,102049202848837    -1,17178005598837
0,104488788604651    -1,13226054098837
0,106756272674419    -1,10189435174419
0,10949747994186    -1,07481761122093
0,11232030244186    -1,07551311494186
0,115542329883721    -1,06694706401163
0,11862596627907    -1,06124819168605
0,122082193953488    -1,04298944476744
0,125916335639535    -1,01924650906977
0,13006097005814    -0,9883693375
0,13374962372093    -0,964796729244186
0,137624573023256    -0,928859413255814
0,141721302848837    -0,874436247093023
0,145649479476744    -0,840253658604651
0,149526203023256    -0,81817851244186
0,153379861395349    -0,807339654709302
0,15685738    -0,791524042034884
0,159972952790698    -0,787021010290698
0,163354662209302    -0,77766719494186
0,166601529069767    -0,769736323430233
0,169757909476744    -0,729760827674419
0,17286993377907    -0,704405104011628
0,175857760988372    -0,674125852732558
0,178558160639535    -0,685255686511628
0,181345498255814    -0,682997073662791
0,184276549651163    -0,67611300622093
0,187952783604651    -0,657045203953488
0,191213844418605    -0,646690714883721
0,194338288430233    -0,637682877151163
0,196939330406977    -0,648738192674419
0,198573409302326    -0,635207806511628
0,199996353139535    -0,585585745116279
0,201043157209302    -0,582156131104651
-0,200592499186047    -0,75017528127907
-0,199354076744186    -0,748252000581395
-0,198117428546512    -0,731717819011628
-0,196735292325581    -0,786052272965116
-0,195200571104651    -0,774952601337209
-0,192963249186047    -0,742732326918605
-0,190442048197674    -0,769977620639535
-0,188249082383721    -0,798111810697674
-0,185859175465116    -0,7938234625
-0,183511850406977    -0,778075271104651
-0,181980677674419    -0,819447097034884
-0,180319985116279    -0,818510296104651
-0,178476545406977    -0,783777691918605
-0,176698752732558    -0,788193785697674
-0,174834022093023    -0,833399753313953
-0,172523956162791    -0,85211980372093
-0,169681616976744    -0,859459851918605
-0,167187029651163    -0,861606687383721
-0,164577116453488    -0,83661468377907
-0,161860748604651    -0,845251704476744
-0,158945665406977    -0,903674017034884
-0,155418467965116    -0,914209479011628
-0,153230824883721    -0,905025991104651
-0,151115925813954    -0,882507283895349
-0,148449236802326    -0,909914033837209
-0,14547205505814    -0,959159955465116
-0,142498421802326    -0,960236921686047
-0,139256877674419    -0,938165324011628
-0,136602608372093    -0,976538677267442
-0,13488514    -1,00620404005814
-0,132951213837209    -0,978717449127907
-0,13082389505814    -0,978768902209302
-0,128515603372093    -1,02857903348837
-0,12671297127907    -1,04887993546512
-0,124885499767442    -1,01083836587209
-0,122949799360465    -1,03882884215116
-0,121140070290698    -1,07502164930233
-0,119142271337209    -1,06207321523256
-0,117034469244186    -1,05449719255814
-0,1146676275    -1,11054024366279
-0,112497726860465    -1,09160018697674
-0,110265727674419    -1,08664472296512
-0,107845658604651    -1,12601520145349
-0,105954314302326    -1,15221901383721
-0,104114423081395    -1,14769646540698
-0,102409374418605    -1,12453548180233
-0,100532224069767    -1,17213490482558
-0,0984687780813954    -1,19198514877907
-0,0968967977325581    -1,17507305319767
-0,095175780872093    -1,17343187732558
-0,0933696002906977    -1,21870704046512
-0,0917621350581395    -1,22817440744186
-0,0900890227906977    -1,20831351802326
-0,0882739709883721    -1,23561558755814
-0,0864340797674419    -1,27533204366279
-0,0843936989534884    -1,27951038872093
-0,0821989588953488    -1,25562373924419
-0,079762921627907    -1,30890429215116
-0,0772789797674419    -1,33884111430233
-0,0744259951162791    -1,32821339162791
-0,0716333347674419    -1,32952988081395
-0,068508890755814    -1,38051633598837
-0,0654660619767442    -1,4207703880814
-0,0621925814534884    -1,42306626005814
-0,0587399022674419    -1,41789256401163
-0,0550388288953488    -1,4477779330814
-0,0517813165697674    -1,4909843275
-0,0486196134302326    -1,4993126297093
-0,0452112903488372    -1,53194452877907
-0,0418508718604651    -1,54932147633721
-0,0386111019767442    -1,52407220732558
-0,0352985880813953    -1,52856281936047
-0,0319115559302326    -1,57247004023256
-0,0282991947674419    -1,60400545639535
-0,0252812054069767    -1,59059571883721
-0,0228842015116279    -1,56331316598837
-0,0204002596511628    -1,56916994604651
-0,0181877771511628    -1,60718490197674
-0,016099491744186    -1,61977493872093
-0,0139881411627907    -1,60959609982558
-0,0124782593604651    -1,5871377169186
-0,0108122440697674    -1,59219431284884
-0,00900074075581395    -1,63710220744186
-0,00703842668604651    -1,64833317313953
-0,00494304430232558    -1,65634920837209
-0,00271814209302326    -1,63419599546512
-0,000871153895348837    -1,65775795825581
-0,000404527674418605    -1,63058540854651
0,00157730308139535    -1,63709333622093
0,00205102627906977    -1,61657775069767
0,00392640238372093    -1,62564059
0,00626840470930233    -1,67824515587209
0,00830878552325581    -1,67095656075581
0,0102710995930233    -1,64615617552326
0,0119992134302326    -1,63990551325581
0,0136794226744186    -1,67136286267442
0,0151981756976744    -1,69878558081395
0,0165696664534884    -1,67368712255814
0,0179163177906977    -1,65692406348837
0,0196107209883721    -1,66936151523256
0,0210407618023256    -1,70650354302326
0,0229108151744186    -1,68889771796512
0,0244136    -1,66409555848837
0,0260654213372093    -1,66962765186047
0,0275362697674419    -1,7083664994186
0,0292005108139535    -1,70822988261628
0,0308292669767442    -1,67898501569767
0,0325325413953488    -1,65902654284884
0,034026455    -1,64933739534884
0,0354635927906977    -1,65737294726744
0,0372910643023256    -1,65880831081395
0,0389925644767442    -1,6716201280814
0,0411376256976744    -1,6615495180814
0,0432649444767442    -1,65980366180233
0,0456140437790698    -1,65383865284884
0,0476881352325581    -1,63719624238372
0,0497994858139535    -1,61061274174419
0,052451980872093    -1,58680238476744
0,0549962470348837    -1,5581465669186
0,057678904244186    -1,5305286819186
0,0602001052325581    -1,5019580277907
0,0633440659302326    -1,50071073412791
0,0665217372674419    -1,47827364215116
0,0696887631395349    -1,46734962069767
0,0725772326744186    -1,44390475802326
0,0757407100581395    -1,42837125017442
0,0783559459883721    -1,40197936790698
0,0812639322093023    -1,35744051610465
0,0838791681395349    -1,31568545343023
0,0866079556976744    -1,28174593639535
0,0890351217441861    -1,25098409069767
0,091664551627907    -1,23535832215116
0,0941218798255814    -1,25058133726744
0,0969269598837209    -1,22611273569767
0,099407353255814    -1,20765527343023
0,102049202848837    -1,17178005598837
0,104488788604651    -1,13226054098837
0,106756272674419    -1,10189435174419
0,10949747994186    -1,07481761122093
0,11232030244186    -1,07551311494186
0,115542329883721    -1,06694706401163
0,11862596627907    -1,06124819168605
0,122082193953488    -1,04298944476744
0,125916335639535    -1,01924650906977
0,13006097005814    -0,9883693375
0,13374962372093    -0,964796729244186
0,137624573023256    -0,928859413255814
0,141721302848837    -0,874436247093023
0,145649479476744    -0,840253658604651
0,149526203023256    -0,81817851244186
0,153379861395349    -0,807339654709302
0,15685738    -0,791524042034884
0,159972952790698    -0,787021010290698
0,163354662209302    -0,77766719494186
0,166601529069767    -0,769736323430233
0,169757909476744    -0,729760827674419
0,17286993377907    -0,704405104011628
0,175857760988372    -0,674125852732558
0,178558160639535    -0,685255686511628
0,181345498255814    -0,682997073662791
0,184276549651163    -0,67611300622093
0,187952783604651    -0,657045203953488
0,191213844418605    -0,646690714883721
0,194338288430233    -0,637682877151163
0,196939330406977    -0,648738192674419
0,198573409302326    -0,635207806511628
0,199996353139535    -0,585585745116279
0,201043157209302    -0,582156131104651
-0,200606693139535    -0,857050428313954
-0,199549243604651    -0,862910756860465
-0,198529053197674    -0,86921819494186
-0,197189498837209    -0,868799473313953
-0,195372672790698    -0,871208896918605
-0,193399713255814    -0,882725515930233
-0,191378849127907    -0,888938919069767
-0,189420083546512    -0,898054985697674
-0,18731582994186    -0,90436242377907
-0,185044797383721    -0,913054446046512
-0,182498756976744    -0,923611198953488
-0,17995626505814    -0,933122922034884
-0,177635553662791    -0,943017881860465
-0,175114352674419    -0,956381489069767
-0,172282658953488    -0,966971952616279
-0,169472256162791    -0,981882700755814
-0,166443621337209    -0,998282039767442
-0,163255304534884    -1,01324778947674
-0,15973875255814    -1,03262076174419
-0,156490111453488    -1,04825717575581
-0,152875976046512    -1,07046893872093
-0,14901699494186    -1,09102710610465
-0,145367374651163    -1,11060056796512
-0,141664527034884    -1,13196956494186
-0,13841233744186    -1,15331904523256
-0,135126437209302    -1,17259265982558
-0,131627627674419    -1,19645979261628
-0,128270757674419    -1,21866268436047
-0,124676138953488    -1,2421430319186
-0,121368947790698    -1,26796360755814
-0,117992561104651    -1,29205961784884
-0,114085675406977    -1,32071898418605
-0,110304761046512    -1,35167067401163
-0,10620803122093    -1,3813005519186
-0,102288725813954    -1,4139040630814
-0,0980429594767442    -1,44872005674419
-0,0939497781395349    -1,48349701703488
-0,0894999737209302    -1,52236361017442
-0,0851229133139535    -1,55618780133721
-0,0811628002906977    -1,59070217348837
-0,0776178604069768    -1,62171773610465
-0,0740640493023256    -1,65172197953488
-0,0704853987790698    -1,68499792924419
-0,0668464239534884    -1,71906696610465
-0,0629909913372093    -1,74918476116279
-0,0591071708139535    -1,7810998655814
-0,0555640051744186    -1,81059135244186
-0,0517688968604651    -1,83589917151163
-0,0480199188953488    -1,86324204866279
-0,0443028773255814    -1,88310116383721
-0,0407916480813953    -1,90125523034884
-0,0367995986627907    -1,91820813354651
-0,0334391801744186    -1,92819003133721
-0,0302845740116279    -1,93476005755814
-0,0276853062790698    -1,94072151802326
-0,0251499113372093    -1,94196703744186
-0,0227546816860465    -1,9456752077907
-0,0205918780232558    -1,94756300360465
-0,0185461744767442    -1,94789478726744
-0,016553698255814    -1,95079212802326
-0,0146570312209302    -1,94548181517442
-0,0125474548837209    -1,93964632604651
-0,0104698149418605    -1,93585476622093
-0,00818458843023256    -1,92959345848837
-0,00607323784883721    -1,92555173023256
-0,00370639610465116    -1,91995753831395
-0,00135197406976744    -1,92249293325581
-0,00098647976744186    -1,68087636
0,000700826453488372    -1,67879517156977
0,0020865111627907    -1,9191254177907
0,00315992889534884    -1,67478183122093
0,00530853860465116    -1,66939345162791
0,00782796534883721    -1,66448411796512
0,0107235318604651    -1,65827958604651
0,0143199248255814    -1,65125712755814
0,0186774685465116    -1,6429714072093
0,022697905872093    -1,63666929186047
0,0266793098255814    -1,62743080238372
0,0311592763953488    -1,61671614174419
0,0355292398255814    -1,60346608616279
0,0398903320348837    -1,58872034273256
0,0436446327325581    -1,5730750575
0,0476242624418605    -1,55466904831395
0,0512224296511628    -1,53418362494186
0,0550210864534884    -1,5138844972093
0,0591941087790698    -1,49090093802326
0,0631045429651163    -1,46849933093023
0,0677654824418605    -1,44293956918605
0,0723430324418605    -1,4134959869186
0,0765320229651163    -1,38422273209302
0,0807032710465116    -1,35557401122093
0,0845143475581395    -1,32783725186047
0,0883183270930233    -1,30167069860465
0,0921027899418605    -1,2768064405814
0,0956938601744186    -1,25408014680233
0,0989247588372093    -1,23231017063954
0,10194452244186    -1,21121263302326
0,104873799593023    -1,19236483703488
0,107434033953488    -1,1754900005814
0,110017333488372    -1,16139185627907
0,112577567848837    -1,14679337511628
0,115176835581395    -1,13228538040698
0,11749932122093    -1,11841079087209
0,120009876744186    -1,10474556215116
0,122217036511628    -1,0915292172093
0,124626460116279    -1,07790302186047
0,127206211162791    -1,06386697610465
0,129949192674419    -1,05020884436047
0,132599913488372    -1,03715572988372
0,135259505523256    -1,02295822790698
0,137431180406977    -1,01092530383721
0,139808667616279    -0,998587209767442
0,141831305988372    -0,987430762325581
0,143901848953488    -0,977360152325581
0,146250948255814    -0,965969504651163
0,148383589767442    -0,955499689709302
0,150007023197674    -0,944758415406977
0,151621585406977    -0,935823321686047
0,153081788372093    -0,928518758372093
0,15432198505814    -0,922803917848837
0,155918804825581    -0,915957109534884
0,157496107906977    -0,910210332616279
0,159816819302326    -0,902440917325581
0,162242211104651    -0,893140329302326
0,165001160813953    -0,88223759877907
0,167506393604651    -0,871042117965116
0,169853718662791    -0,862616232325581
0,172268465    -0,854215186104651
0,174690308313954    -0,846140600813954
0,176728914883721    -0,837407770930233
0,178504933313953    -0,829428994825581
0,180199336511628    -0,823288335697674
0,181460824127907    -0,817903504593023
0,182514725174419    -0,814653089244186
0,184150578313953    -0,810928950697674
0,186615003488372    -0,804197468255814
0,189457342674419    -0,796396116569767
0,192076127093023    -0,789031228953488
0,193974568372093    -0,783715593372093
0,195899623313953    -0,778265115232558
0,197625962906977    -0,772702859709302
0,199079068895349    -0,767564648546512
0,200693631104651    -0,763581470348837
0,201765274593023    -0,762224173546512
-0,000949220639534884    -1,68194622924419
0,000354848837209302    -1,68440888017442
0,0027962088372093    -1,68195332622093
0,00487030029069767    -1,67542765610465
0,00705439488372093    -1,66940941982558
0,0089759013372093    -1,66542801587209
0,0109453123837209    -1,66073691424419
0,0125669715697674    -1,65637049930233
0,0152993076162791    -1,65042678127907
0,0182569726744186    -1,65297991866279
0,0215109365116279    -1,64336174093023
0,0247595776162791    -1,63454907005814
0,0280490263372093    -1,62539397005814
0,0312550855813954    -1,61775584883721
0,0342056536627907    -1,60815363930233
0,0373762280232558    -1,59820545215116
0,0411553681395349    -1,58433086261628
0,044861764244186    -1,56762280511628
0,0486178391860465    -1,55470808168605
0,0521503593604651    -1,53507429552326
0,0564316105813953    -1,51138636139535
0,0604449509302326    -1,48717857372093
0,0643287714534884    -1,47715409406977
0,0677814506395349    -1,44557609604651
0,0712625177325581    -1,41837338418605
0,0744384148255814    -1,41446827273256
0,0779798062209302    -1,3795085652907
0,0813402247093023    -1,35194035912791
0,0843245034302326    -1,32669109011628
0,0873495897674419    -1,30444561651163
0,0901316046511628    -1,28509393517442
0,0924931236627907    -1,26919138453488
0,0949167412209302    -1,25193685982558
0,097423748255814    -1,23454749255814
0,100455931569767    -1,2207314530814
0,103237946453488    -1,20382290598837
0,105516075988372    -1,18810842523256
0,107405646046512    -1,18109128947674
0,109559578488372    -1,16486227790698
0,111656735116279    -1,14991427063953
0,11381953877907    -1,13949413453488
0,116181057790698    -1,12694667965116
0,118402411511628    -1,11214770889535
0,120462309011628    -1,10050157005814
0,122777697674419    -1,09056935110465
0,124841143662791    -1,07766349889535
0,12711217622093    -1,06389004127907
0,129331755697674    -1,05365620081395
0,131776664186046    -1,04252814127907
0,134164796860465    -1,02842467424419
0,136332923255814    -1,07465970348837
0,138994289534884    -1,21060761575581
0,14168404372093    -1,07462067011628
0,144391540348837    -1,0108117522093
0,146751285116279    -0,980126199011628
0,149032963139535    -0,961393728895349
0,151055601511628    -0,945803445232558
0,153291149186046    -0,935885420232558
0,155104426744186    -0,926102237790698
0,157146581802326    -0,915724683546512
0,159626975174419    -0,907873653023256
0,161720583313953    -0,898193376744186
0,164094522034884    -0,887113221802326
0,166418781918605    -0,879588652209302
0,168705782674419    -0,869207549476744
0,17087745755814    -0,861833790639535
0,17325139627907    -0,853851466046512
0,17510902994186    -0,844297161104651
0,176876177151163    -0,8382256975
0,178499610581395    -0,833218780406977
0,179963362034884    -0,826221161337209
0,181693250116279    -0,821226663953488
0,183573948953488    -0,817055415872093
0,185882240639535    -0,810189090872093
0,188511670523256    -0,802036438837209
0,190818187965116    -0,796119334476744
0,192977443139535    -0,789932545
0,194442968837209    -0,782863956162791
0,196763680232558    -0,777193471744186
0,198578732034884    -0,772135101569767
0,200157809360465    -0,768423382732558
0,201763500348837    -0,761594316860465
