-0,201186870988372    -0,0234111520348837
-0,200076194127907    -0,0886323683139535
-0,198942452093023    -0,0735158078488372
-0,197320792906977    -0,0492654383139535
-0,195390415232558    -0,0380522150581395
-0,19395327744186    -0,0497515812209302
-0,191946607267442    -0,0829654323837209
-0,190073005406977    -0,0782122322093023
-0,188524090232558    -0,0346208268023256
-0,186668230813953    -0,0382935122674419
-0,184540912034884    -0,0768868718023256
-0,182381656860465    -0,0827170381976744
-0,180174497093023    -0,0355948868604651
-0,177827172034884    -0,0339625822093023
-0,17554017127907    -0,071219935872093
-0,17340398127907    -0,0818192706395349
-0,171374245930233    -0,0576114829651163
-0,168980790523256    -0,0719668926744186
-0,166409910697674    -0,041501345755814
-0,163549829069767    -0,0470423103488372
-0,160593938255814    -0,0907401704069767
-0,157913055290698    -0,0878587978488372
-0,155397177034884    -0,0633387431976744
-0,153103079302326    -0,0401263065116279
-0,150958018081395    -0,0606826996511628
-0,149174902674419    -0,0940526843023256
-0,147372270581395    -0,063931340755814
-0,145285759418605    -0,0506333805813953
-0,143128278488372    -0,0715197831395349
-0,140626594186047    -0,103732960581395
-0,138032649186047    -0,0839040075581395
-0,135655161976744    -0,0602284931395349
-0,133517197732558    -0,0982753854651163
-0,131593917034884    -0,103945869883721
-0,129626280232558    -0,0721602852906977
-0,127640900988372    -0,0674656351744186
-0,125566809534884    -0,109655387674419
-0,12330642244186    -0,116860593313954
-0,120936032209302    -0,0840086879651163
-0,118597578372093    -0,108848106569767
-0,116548326337209    -0,083233343255814
-0,114098095116279    -0,078581275
-0,11169222    -0,12170427994186
-0,109144405348837    -0,121223459767442
-0,106640946802326    -0,107556456802326
-0,104199586802326    -0,091015178255814
-0,102180496918605    -0,0912316360465116
-0,10023947377907    -0,126058275174419
-0,0978424698837209    -0,139792699418605
-0,0955324039534884    -0,116087022848837
-0,0932844365697674    -0,0866044072093023
-0,0910808252906977    -0,107409194534884
-0,0888381806395349    -0,149441039302326
-0,0865369859302326    -0,159014860930233
-0,084152401744186    -0,122827376511628
-0,0820587936046512    -0,12261091872093
-0,0796582412209302    -0,149756854767442
-0,0772488176162791    -0,17365060122093
-0,075226179244186    -0,168590456802326
-0,0729498239534884    -0,143914268662791
-0,0706929853488372    -0,157680629302326
-0,0684787286046512    -0,204941171686047
-0,0660497883139535    -0,197709352383721
-0,063477134244186    -0,170213890232558
-0,0608477043604651    -0,186002889244186
-0,0584098928488372    -0,24015104755814
-0,0559756298255814    -0,247638358023256
-0,0538075034302326    -0,216122458546512
-0,051495663255814    -0,258127689651163
-0,0489354288953488    -0,296316521511628
-0,0465561674418605    -0,281320609651163
-0,044059805872093    -0,289333096395349
-0,0414800548255814    -0,344047238604651
-0,0389819190116279    -0,398149266569767
-0,0365920120930233    -0,410105898139535
-0,0343067855813953    -0,415226366860465
-0,0316259026162791    -0,45669577622093
-0,0292732548255814    -0,537530341337209
-0,0272790043604651    -0,569764809709302
-0,0256147633139535    -0,578359248546512
-0,0238635843023256    -0,633756474767442
-0,0221301477325581    -0,707359220581395
-0,0207870448837209    -0,727527054244186
-0,0195273315116279    -0,739547558604651
-0,0183776212790698    -0,811954463837209
-0,017203071627907    -0,886737082034884
-0,0159398097674419    -0,914449001976744
-0,0146534827325581    -0,993294639360465
-0,013047791744186    -1,1068267505814
-0,011559200872093    -1,19314018174419
-0,00980092488372093    -1,23613544110465
-0,00847024174418605    -1,27935425523256
-0,00745714831395349    -1,39335831540698
-0,00599339686046512    -1,47793298726744
-0,00439480284883721    -1,53793792563953
-0,00260281622093023    -1,64589181313953
-0,00151875302325581    -1,65287523825581
-0,00018806988372093    -1,61102436639535
0,00209183389534884    -1,60135296133721
0,00263830110465116    -1,63466617017442
0,00394769331395349    -1,56937398412791
0,00509208081395349    -1,51246510186047
0,0063322775    -1,45991908604651
0,00808345651162791    -1,37253046290698
0,00971221267441861    -1,21277929063953
0,0110109594186047    -1,16888803796512
0,0124179350581395    -1,07328466424419
0,0143642809302326    -0,988931772906977
0,0160409416860465    -0,933020015872093
0,0176093735465116    -0,869949183546512
0,0190110264534884    -0,813467894127907
0,0203204186627907    -0,74828571122093
0,0216475533139535    -0,686763794069767
0,0227990377906977    -0,635367488488372
0,0247808685465116    -0,554041457732558
0,0264238186627907    -0,539755243546512
0,0275203015697674    -0,522701208430233
0,0287480785465116    -0,51427887127907
0,0305471621511628    -0,488543459360465
0,0334374059302326    -0,45697433255814
0,0371278338372093    -0,403725716046512
0,041158916627907    -0,335520221046512
0,0449061203488372    -0,280027185639535
0,0485575148837209    -0,269477529709302
0,0520829380813953    -0,269816410348837
0,0556740083139535    -0,257872198488372
0,0592278194186047    -0,226888572267442
0,0627709850581395    -0,178781715406977
0,0669386846511628    -0,149645077383721
0,0709271855813954    -0,164236461569767
0,0749635911046512    -0,169773877674419
0,0790904830813954    -0,167768981744186
0,0833877025    -0,163500150232558
0,0872591033139535    -0,122387363953488
0,0909069493604651    -0,0952733643023256
0,094450115    -0,120453437790698
0,0973722951744186    -0,140170613430233
0,100235925290698    -0,13335041877907
0,103010843197674    -0,0892923871511628
0,105414944069767    -0,0813029655813954
0,10794501627907    -0,0894094872674419
0,110409441453488    -0,11007233505814
0,112621923953488    -0,124631782848837
0,1151253825    -0,119750837093023
0,117806265465116    -0,106896437965116
0,120167784476744    -0,0608281876744186
0,122728018837209    -0,0668854573255814
0,12555971255814    -0,0812710291860465
0,1280951075    -0,105858505116279
0,130887767848837    -0,0967335672674419
0,133316708139535    -0,0629679261627907
0,135825489418605    -0,0483002494767442
0,138341367674419    -0,0714576845930232
0,140662079069767    -0,102487441162791
0,142732622034884    -0,0738475915116279
0,14474461494186    -0,0611191637209302
0,146389339302326    -0,094757059244186
0,148300200290698    -0,0993168668023256
0,149882826104651    -0,0952449763953488
0,151910787209302    -0,0504027288372093
0,153999072616279    -0,0692576218023256
0,156440432616279    -0,0920495626162791
0,159206479302326    -0,0843599883139535
0,161892685    -0,0428302546511628
0,164640989244186    -0,046918113255814
0,167066381046512    -0,0861892340697674
0,169362253023256    -0,070457010872093
0,1720395875    -0,0393491875581395
0,174590950639535    -0,0520900350581395
0,176956018139535    -0,0898406286046512
0,179157855174419    -0,0598328366860465
0,181290496686047    -0,0343759811046512
0,183471042790698    -0,0742432479651163
0,186089827209302    -0,0831694704651163
0,188355537034884    -0,0533071665697674
0,190674474186047    -0,0579734287790698
0,192879859709302    -0,0942034950581395
0,194666523604651    -0,0379049527906977
0,196651902848837    -0,0726446539534884
0,19837824244186    -0,0597246077906977
0,19944633744186    -0,0375784918604651
0,200592499186047    -0,039861944127907
